1 1 0
1 2 11
1 3 6
1 4 7
1 5 5
1 6 1
1 7 8
1 8 2
1 9 2
1 10 6
2 1 1
2 2 19
2 3 56
2 4 32
2 5 15
2 6 4
2 7 19
2 8 14
2 9 8
2 10 12
3 1 5
3 2 18
3 3 34
3 4 25
3 5 23
3 6 20
3 7 27
3 8 16
3 9 8
3 10 24
4 1 0
4 2 35
4 3 22
4 4 20
4 5 13
4 6 15
4 7 6
4 8 1
4 9 5
4 10 11
5 1 0
5 2 21
5 3 24
5 4 7
5 5 9
5 6 5
5 7 7
5 8 7
5 9 3
5 10 6
6 1 3
6 2 15
6 3 17
6 4 8
6 5 3
6 6 5
6 7 2
6 8 5
6 9 3
6 10 2
7 1 4
7 2 14
7 3 15
7 4 9
7 5 2
7 6 0
7 7 5
7 8 6
7 9 13
7 10 16
8 1 0
8 2 14
8 3 6
8 4 6
8 5 12
8 6 8
8 7 2
8 8 1
8 9 1
8 10 7
9 1 0
9 2 11
9 3 7
9 4 5
9 5 5
9 6 3
9 7 2
9 8 4
9 9 7
9 10 6
10 1 35
10 2 22
10 3 13
10 4 8
10 5 2
10 6 3
10 7 6
10 8 1
10 9 0
10 10 10
