1 1 1 164
1 1 2 157
1 1 3 124
1 1 4 450
1 1 5 264
1 1 6 165
1 1 7 109
1 1 8 152
1 1 9 0
1 1 10 0
1 2 1 369
1 2 2 869
1 2 3 1816
1 2 4 1764
1 2 5 1254
1 2 6 698
1 2 7 635
1 2 8 753
1 2 9 0
1 2 10 0
1 3 1 368
1 3 2 1427
1 3 3 1603
1 3 4 2049
1 3 5 1146
1 3 6 874
1 3 7 637
1 3 8 953
1 3 9 0
1 3 10 0
1 4 1 679
1 4 2 2986
1 4 3 3350
1 4 4 3756
1 4 5 1870
1 4 6 1236
1 4 7 999
1 4 8 1452
1 4 9 0
1 4 10 0
1 5 1 481
1 5 2 2253
1 5 3 2223
1 5 4 2270
1 5 5 1231
1 5 6 794
1 5 7 587
1 5 8 961
1 5 9 0
1 5 10 0
1 6 1 271
1 6 2 1216
1 6 3 1227
1 6 4 1464
1 6 5 1027
1 6 6 604
1 6 7 430
1 6 8 699
1 6 9 0
1 6 10 0
1 7 1 223
1 7 2 801
1 7 3 894
1 7 4 1057
1 7 5 577
1 7 6 402
1 7 7 296
1 7 8 518
1 7 9 0
1 7 10 0
1 8 1 2509
1 8 2 1624
1 8 3 1070
1 8 4 856
1 8 5 589
1 8 6 400
1 8 7 261
1 8 8 438
1 8 9 0
1 8 10 0
1 9 1 0
1 9 2 0
1 9 3 0
1 9 4 0
1 9 5 0
1 9 6 0
1 9 7 0
1 9 8 0
1 9 9 0
1 9 10 0
1 10 1 0
1 10 2 0
1 10 3 0
1 10 4 0
1 10 5 0
1 10 6 0
1 10 7 0
1 10 8 0
1 10 9 0
1 10 10 0
2 1 1 19
2 1 2 347
2 1 3 530
2 1 4 1430
2 1 5 1117
2 1 6 858
2 1 7 560
2 1 8 935
2 1 9 0
2 1 10 0
2 2 1 780
2 2 2 1979
2 2 3 3171
2 2 4 3765
2 2 5 2674
2 2 6 1902
2 2 7 1457
2 2 8 2479
2 2 9 0
2 2 10 0
2 3 1 790
2 3 2 3117
2 3 3 4336
2 3 4 6589
2 3 5 5826
2 3 6 4395
2 3 7 3414
2 3 8 5309
2 3 9 0
2 3 10 0
2 4 1 1687
2 4 2 6222
2 4 3 6278
2 4 4 6639
2 4 5 4158
2 4 6 3084
2 4 7 2406
2 4 8 4371
2 4 9 0
2 4 10 0
2 5 1 1093
2 5 2 4459
2 5 3 5027
2 5 4 4653
2 5 5 2497
2 5 6 1747
2 5 7 1408
2 5 8 2692
2 5 9 0
2 5 10 0
2 6 1 662
2 6 2 2744
2 6 3 3306
2 6 4 3041
2 6 5 1743
2 6 6 1106
2 6 7 875
2 6 8 1843
2 6 9 0
2 6 10 0
2 7 1 465
2 7 2 2259
2 7 3 2421
2 7 4 2260
2 7 5 1389
2 7 6 810
2 7 7 622
2 7 8 1603
2 7 9 0
2 7 10 0
2 8 1 5079
2 8 2 4332
2 8 3 3029
2 8 4 2195
2 8 5 1204
2 8 6 810
2 8 7 509
2 8 8 1164
2 8 9 0
2 8 10 0
2 9 1 0
2 9 2 0
2 9 3 0
2 9 4 0
2 9 5 0
2 9 6 0
2 9 7 0
2 9 8 0
2 9 9 0
2 9 10 0
2 10 1 0
2 10 2 0
2 10 3 0
2 10 4 0
2 10 5 0
2 10 6 0
2 10 7 0
2 10 8 0
2 10 9 0
2 10 10 0
3 1 1 19
3 1 2 551
3 1 3 592
3 1 4 1871
3 1 5 1017
3 1 6 733
3 1 7 489
3 1 8 674
3 1 9 0
3 1 10 0
3 2 1 765
3 2 2 2602
3 2 3 4712
3 2 4 5585
3 2 5 3474
3 2 6 2136
3 2 7 1534
3 2 8 3004
3 2 9 0
3 2 10 0
3 3 1 1025
3 3 2 3962
3 3 3 5526
3 3 4 6441
3 3 5 4554
3 3 6 3068
3 3 7 2097
3 3 8 3773
3 3 9 0
3 3 10 0
3 4 1 1982
3 4 2 8405
3 4 3 7956
3 4 4 7886
3 4 5 4689
3 4 6 3041
3 4 7 2291
3 4 8 3868
3 4 9 0
3 4 10 0
3 5 1 1090
3 5 2 6232
3 5 3 6411
3 5 4 5701
3 5 5 3239
3 5 6 2089
3 5 7 1714
3 5 8 2991
3 5 9 0
3 5 10 0
3 6 1 661
3 6 2 4103
3 6 3 4234
3 6 4 3993
3 6 5 2563
3 6 6 1619
3 6 7 1222
3 6 8 2129
3 6 9 0
3 6 10 0
3 7 1 480
3 7 2 2831
3 7 3 2898
3 7 4 3188
3 7 5 1776
3 7 6 1140
3 7 7 917
3 7 8 1755
3 7 9 0
3 7 10 0
3 8 1 6439
3 8 2 5401
3 8 3 3863
3 8 4 2929
3 8 5 2231
3 8 6 1077
3 8 7 708
3 8 8 1277
3 8 9 0
3 8 10 0
3 9 1 0
3 9 2 0
3 9 3 0
3 9 4 0
3 9 5 0
3 9 6 0
3 9 7 0
3 9 8 0
3 9 9 0
3 9 10 0
3 10 1 0
3 10 2 0
3 10 3 0
3 10 4 0
3 10 5 0
3 10 6 0
3 10 7 0
3 10 8 0
3 10 9 0
3 10 10 0
4 1 1 14
4 1 2 679
4 1 3 1015
4 1 4 2626
4 1 5 1982
4 1 6 1306
4 1 7 844
4 1 8 1174
4 1 9 0
4 1 10 0
4 2 1 1050
4 2 2 3239
4 2 3 7210
4 2 4 7658
4 2 5 5726
4 2 6 3874
4 2 7 2484
4 2 8 3779
4 2 9 0
4 2 10 0
4 3 1 1135
4 3 2 4417
4 3 3 5908
4 3 4 8520
4 3 5 6580
4 3 6 4500
4 3 7 3079
4 3 8 4695
4 3 9 0
4 3 10 0
4 4 1 1989
4 4 2 6445
4 4 3 7994
4 4 4 8658
4 4 5 5299
4 4 6 3549
4 4 7 2758
4 4 8 4361
4 4 9 0
4 4 10 0
4 5 1 1054
4 5 2 4483
4 5 3 5116
4 5 4 5115
4 5 5 2858
4 5 6 1881
4 5 7 1449
4 5 8 2478
4 5 9 0
4 5 10 0
4 6 1 733
4 6 2 3028
4 6 3 3741
4 6 4 3386
4 6 5 1968
4 6 6 1217
4 6 7 829
4 6 8 1613
4 6 9 0
4 6 10 0
4 7 1 532
4 7 2 2307
4 7 3 3092
4 7 4 2696
4 7 5 1493
4 7 6 953
4 7 7 817
4 7 8 1304
4 7 9 0
4 7 10 0
4 8 1 6115
4 8 2 5019
4 8 3 3579
4 8 4 2474
4 8 5 1563
4 8 6 902
4 8 7 677
4 8 8 1048
4 8 9 0
4 8 10 0
4 9 1 0
4 9 2 0
4 9 3 0
4 9 4 0
4 9 5 0
4 9 6 0
4 9 7 0
4 9 8 0
4 9 9 0
4 9 10 0
4 10 1 0
4 10 2 0
4 10 3 0
4 10 4 0
4 10 5 0
4 10 6 0
4 10 7 0
4 10 8 0
4 10 9 0
4 10 10 0
5 1 1 13
5 1 2 502
5 1 3 618
5 1 4 1801
5 1 5 1111
5 1 6 616
5 1 7 435
5 1 8 537
5 1 9 0
5 1 10 0
5 2 1 710
5 2 2 2512
5 2 3 4888
5 2 4 5389
5 2 5 3901
5 2 6 2452
5 2 7 2037
5 2 8 2622
5 2 9 0
5 2 10 0
5 3 1 845
5 3 2 3521
5 3 3 4440
5 3 4 6277
5 3 5 4357
5 3 6 2908
5 3 7 1923
5 3 8 2962
5 3 9 0
5 3 10 0
5 4 1 1178
5 4 2 3886
5 4 3 5057
5 4 4 5625
5 4 5 3406
5 4 6 2258
5 4 7 1694
5 4 8 2527
5 4 9 0
5 4 10 0
5 5 1 712
5 5 2 2527
5 5 3 2942
5 5 4 3021
5 5 5 1875
5 5 6 1151
5 5 7 891
5 5 8 1531
5 5 9 0
5 5 10 0
5 6 1 431
5 6 2 1698
5 6 3 2106
5 6 4 1882
5 6 5 1114
5 6 6 781
5 6 7 574
5 6 8 916
5 6 9 0
5 6 10 0
5 7 1 391
5 7 2 1264
5 7 3 1737
5 7 4 1554
5 7 5 836
5 7 6 569
5 7 7 449
5 7 8 756
5 7 9 0
5 7 10 0
5 8 1 3989
5 8 2 3513
5 8 3 2109
5 8 4 1526
5 8 5 1042
5 8 6 461
5 8 7 381
5 8 8 655
5 8 9 0
5 8 10 0
5 9 1 0
5 9 2 0
5 9 3 0
5 9 4 0
5 9 5 0
5 9 6 0
5 9 7 0
5 9 8 0
5 9 9 0
5 9 10 0
5 10 1 0
5 10 2 0
5 10 3 0
5 10 4 0
5 10 5 0
5 10 6 0
5 10 7 0
5 10 8 0
5 10 9 0
5 10 10 0
6 1 1 8
6 1 2 319
6 1 3 332
6 1 4 1091
6 1 5 690
6 1 6 451
6 1 7 293
6 1 8 315
6 1 9 0
6 1 10 0
6 2 1 559
6 2 2 1806
6 2 3 3461
6 2 4 3365
6 2 5 2198
6 2 6 1430
6 2 7 995
6 2 8 1761
6 2 9 0
6 2 10 0
6 3 1 633
6 3 2 2473
6 3 3 3200
6 3 4 3896
6 3 5 2736
6 3 6 1913
6 3 7 1351
6 3 8 2070
6 3 9 0
6 3 10 0
6 4 1 829
6 4 2 2682
6 4 3 3285
6 4 4 3550
6 4 5 2024
6 4 6 1356
6 4 7 1193
6 4 8 1752
6 4 9 0
6 4 10 0
6 5 1 484
6 5 2 1834
6 5 3 2204
6 5 4 2028
6 5 5 1199
6 5 6 793
6 5 7 610
6 5 8 1128
6 5 9 0
6 5 10 0
6 6 1 319
6 6 2 1140
6 6 3 1473
6 6 4 1236
6 6 5 781
6 6 6 469
6 6 7 347
6 6 8 722
6 6 9 0
6 6 10 0
6 7 1 253
6 7 2 889
6 7 3 1167
6 7 4 1010
6 7 5 532
6 7 6 291
6 7 7 252
6 7 8 437
6 7 9 0
6 7 10 0
6 8 1 2562
6 8 2 2262
6 8 3 1700
6 8 4 932
6 8 5 495
6 8 6 324
6 8 7 247
6 8 8 408
6 8 9 0
6 8 10 0
6 9 1 0
6 9 2 0
6 9 3 0
6 9 4 0
6 9 5 0
6 9 6 0
6 9 7 0
6 9 8 0
6 9 9 0
6 9 10 0
6 10 1 0
6 10 2 0
6 10 3 0
6 10 4 0
6 10 5 0
6 10 6 0
6 10 7 0
6 10 8 0
6 10 9 0
6 10 10 0
7 1 1 15
7 1 2 295
7 1 3 231
7 1 4 876
7 1 5 520
7 1 6 319
7 1 7 233
7 1 8 270
7 1 9 0
7 1 10 0
7 2 1 442
7 2 2 1420
7 2 3 2990
7 2 4 2461
7 2 5 1561
7 2 6 903
7 2 7 684
7 2 8 1058
7 2 9 0
7 2 10 0
7 3 1 477
7 3 2 1739
7 3 3 2309
7 3 4 2908
7 3 5 1932
7 3 6 1438
7 3 7 1080
7 3 8 1942
7 3 9 0
7 3 10 0
7 4 1 713
7 4 2 2159
7 4 3 2555
7 4 4 2562
7 4 5 1558
7 4 6 1053
7 4 7 1075
7 4 8 1538
7 4 9 0
7 4 10 0
7 5 1 387
7 5 2 1311
7 5 3 1525
7 5 4 1434
7 5 5 888
7 5 6 506
7 5 7 469
7 5 8 843
7 5 9 0
7 5 10 0
7 6 1 221
7 6 2 875
7 6 3 1022
7 6 4 850
7 6 5 547
7 6 6 341
7 6 7 284
7 6 8 486
7 6 9 0
7 6 10 0
7 7 1 238
7 7 2 643
7 7 3 883
7 7 4 813
7 7 5 389
7 7 6 268
7 7 7 236
7 7 8 315
7 7 9 0
7 7 10 0
7 8 1 2141
7 8 2 1535
7 8 3 1312
7 8 4 684
7 8 5 366
7 8 6 462
7 8 7 196
7 8 8 313
7 8 9 0
7 8 10 0
7 9 1 0
7 9 2 0
7 9 3 0
7 9 4 0
7 9 5 0
7 9 6 0
7 9 7 0
7 9 8 0
7 9 9 0
7 9 10 0
7 10 1 0
7 10 2 0
7 10 3 0
7 10 4 0
7 10 5 0
7 10 6 0
7 10 7 0
7 10 8 0
7 10 9 0
7 10 10 0
8 1 1 1333
8 1 2 5308
8 1 3 5615
8 1 4 6183
8 1 5 4099
8 1 6 2490
8 1 7 1805
8 1 8 3690
8 1 9 0
8 1 10 0
8 2 1 1121
8 2 2 3780
8 2 3 5529
8 2 4 4858
8 2 5 2788
8 2 6 1925
8 2 7 2003
8 2 8 2866
8 2 9 0
8 2 10 0
8 3 1 673
8 3 2 3156
8 3 3 3124
8 3 4 3438
8 3 5 2336
8 3 6 1428
8 3 7 1404
8 3 8 2221
8 3 9 0
8 3 10 0
8 4 1 583
8 4 2 2234
8 4 3 2359
8 4 4 2377
8 4 5 1430
8 4 6 938
8 4 7 778
8 4 8 1508
8 4 9 0
8 4 10 0
8 5 1 332
8 5 2 1412
8 5 3 1785
8 5 4 1409
8 5 5 863
8 5 6 541
8 5 7 428
8 5 8 1052
8 5 9 0
8 5 10 0
8 6 1 201
8 6 2 771
8 6 3 1163
8 6 4 819
8 6 5 537
8 6 6 350
8 6 7 270
8 6 8 522
8 6 9 0
8 6 10 0
8 7 1 177
8 7 2 525
8 7 3 733
8 7 4 635
8 7 5 371
8 7 6 193
8 7 7 196
8 7 8 321
8 7 9 0
8 7 10 0
8 8 1 1689
8 8 2 1184
8 8 3 1118
8 8 4 611
8 8 5 332
8 8 6 197
8 8 7 172
8 8 8 331
8 8 9 0
8 8 10 0
8 9 1 0
8 9 2 0
8 9 3 0
8 9 4 0
8 9 5 0
8 9 6 0
8 9 7 0
8 9 8 0
8 9 9 0
8 9 10 0
8 10 1 0
8 10 2 0
8 10 3 0
8 10 4 0
8 10 5 0
8 10 6 0
8 10 7 0
8 10 8 0
8 10 9 0
8 10 10 0
9 1 1 0
9 1 2 0
9 1 3 0
9 1 4 0
9 1 5 0
9 1 6 0
9 1 7 0
9 1 8 0
9 1 9 0
9 1 10 0
9 2 1 0
9 2 2 0
9 2 3 0
9 2 4 0
9 2 5 0
9 2 6 0
9 2 7 0
9 2 8 0
9 2 9 0
9 2 10 0
9 3 1 0
9 3 2 0
9 3 3 0
9 3 4 0
9 3 5 0
9 3 6 0
9 3 7 0
9 3 8 0
9 3 9 0
9 3 10 0
9 4 1 0
9 4 2 0
9 4 3 0
9 4 4 0
9 4 5 0
9 4 6 0
9 4 7 0
9 4 8 0
9 4 9 0
9 4 10 0
9 5 1 0
9 5 2 0
9 5 3 0
9 5 4 0
9 5 5 0
9 5 6 0
9 5 7 0
9 5 8 0
9 5 9 0
9 5 10 0
9 6 1 0
9 6 2 0
9 6 3 0
9 6 4 0
9 6 5 0
9 6 6 0
9 6 7 0
9 6 8 0
9 6 9 0
9 6 10 0
9 7 1 0
9 7 2 0
9 7 3 0
9 7 4 0
9 7 5 0
9 7 6 0
9 7 7 0
9 7 8 0
9 7 9 0
9 7 10 0
9 8 1 0
9 8 2 0
9 8 3 0
9 8 4 0
9 8 5 0
9 8 6 0
9 8 7 0
9 8 8 0
9 8 9 0
9 8 10 0
9 9 1 0
9 9 2 0
9 9 3 0
9 9 4 0
9 9 5 0
9 9 6 0
9 9 7 0
9 9 8 0
9 9 9 0
9 9 10 0
9 10 1 0
9 10 2 0
9 10 3 0
9 10 4 0
9 10 5 0
9 10 6 0
9 10 7 0
9 10 8 0
9 10 9 0
9 10 10 0
10 1 1 0
10 1 2 0
10 1 3 0
10 1 4 0
10 1 5 0
10 1 6 0
10 1 7 0
10 1 8 0
10 1 9 0
10 1 10 0
10 2 1 0
10 2 2 0
10 2 3 0
10 2 4 0
10 2 5 0
10 2 6 0
10 2 7 0
10 2 8 0
10 2 9 0
10 2 10 0
10 3 1 0
10 3 2 0
10 3 3 0
10 3 4 0
10 3 5 0
10 3 6 0
10 3 7 0
10 3 8 0
10 3 9 0
10 3 10 0
10 4 1 0
10 4 2 0
10 4 3 0
10 4 4 0
10 4 5 0
10 4 6 0
10 4 7 0
10 4 8 0
10 4 9 0
10 4 10 0
10 5 1 0
10 5 2 0
10 5 3 0
10 5 4 0
10 5 5 0
10 5 6 0
10 5 7 0
10 5 8 0
10 5 9 0
10 5 10 0
10 6 1 0
10 6 2 0
10 6 3 0
10 6 4 0
10 6 5 0
10 6 6 0
10 6 7 0
10 6 8 0
10 6 9 0
10 6 10 0
10 7 1 0
10 7 2 0
10 7 3 0
10 7 4 0
10 7 5 0
10 7 6 0
10 7 7 0
10 7 8 0
10 7 9 0
10 7 10 0
10 8 1 0
10 8 2 0
10 8 3 0
10 8 4 0
10 8 5 0
10 8 6 0
10 8 7 0
10 8 8 0
10 8 9 0
10 8 10 0
10 9 1 0
10 9 2 0
10 9 3 0
10 9 4 0
10 9 5 0
10 9 6 0
10 9 7 0
10 9 8 0
10 9 9 0
10 9 10 0
10 10 1 0
10 10 2 0
10 10 3 0
10 10 4 0
10 10 5 0
10 10 6 0
10 10 7 0
10 10 8 0
10 10 9 0
10 10 10 0
